0.008229	0.000845	-0.001165	-0.000730	0.001186	-0.001624	-0.001431	0.000926	0.001054	-0.001100	-0.002075	
0.000845	0.009960	-0.001839	-0.001039	0.000493	-0.000956	-0.001013	0.000393	0.001027	-0.001700	-0.001190	
-0.001165	-0.001839	0.008053	0.000980	-0.000696	0.000406	0.000019	-0.000663	-0.001299	0.000482	-0.000253	
-0.000730	-0.001039	0.000980	0.005148	-0.000598	0.000333	-0.000114	-0.000388	-0.001013	0.000204	-0.000208	
0.001186	0.000493	-0.000696	-0.000598	0.005729	-0.001246	-0.001072	0.000587	0.000883	-0.000860	-0.001541	
-0.001624	-0.000956	0.000406	0.000333	-0.001246	0.007655	0.000553	-0.001006	-0.001307	0.000150	0.000870	
-0.001431	-0.001013	0.000019	-0.000114	-0.001072	0.000553	0.008799	-0.000873	-0.001257	0.000194	0.000593	
0.000926	0.000393	-0.000663	-0.000388	0.000587	-0.001006	-0.000873	0.005096	0.000627	-0.000821	-0.001331	
0.001054	0.001027	-0.001299	-0.001013	0.000883	-0.001307	-0.001257	0.000627	0.008471	-0.001351	-0.001599	
-0.001100	-0.001700	0.000482	0.000204	-0.000860	0.000150	0.000194	-0.000821	-0.001351	0.007021	0.001291	
-0.002075	-0.001190	-0.000253	-0.000208	-0.001541	0.000870	0.000593	-0.001331	-0.001599	0.001291	0.010887	
