0.008035	-0.000670	-0.000603	-0.000217	-0.000524	-0.000363	-0.001047	-0.000204	-0.000390	
-0.000670	0.010082	-0.000869	-0.000847	-0.000756	-0.000377	-0.000984	-0.000202	-0.000336	
-0.000603	-0.000869	0.009964	-0.001173	-0.001004	-0.000592	-0.000334	-0.000319	-0.000089	
-0.000217	-0.000847	-0.001173	0.010225	-0.000346	-0.000327	-0.001475	-0.000298	-0.000430	
-0.000524	-0.000756	-0.001004	-0.000346	0.009267	-0.000167	-0.001329	-0.000113	-0.000394	
-0.000363	-0.000377	-0.000592	-0.000327	-0.000167	0.005965	-0.000738	-0.000102	-0.000316	
-0.001047	-0.000984	-0.000334	-0.001475	-0.001329	-0.000738	0.013047	-0.000499	-0.000118	
-0.000204	-0.000202	-0.000319	-0.000298	-0.000113	-0.000102	-0.000499	0.003813	-0.000171	
-0.000390	-0.000336	-0.000089	-0.000430	-0.000394	-0.000316	-0.000118	-0.000171	0.004489	
